0010000100000101
0010001000100100
0010100001000001
1000000101001000
0001110000001000
0001000011010000
0000001100100010
0100001000100100
0001000010001010
0011000011000000
0001010001000001
1100000001010000
0000100110000001
0010000110000001
0000110000010010
0000100001010010
0000100011001000
1000010000000110
0001100010001000
0011000000000110
0000100000101010
0100100001100000
1000011001000000
0101010000010000
0010000010110000
0010001101000000
1000010001010000
0010000010010001
0000000000110011
0100001000010100
0100001000110000
0000010000001011
0000100000101010
0010001010010000
0001100000000011
0000111000000100
0010000101100000
1000001000100100
1000001001000001
0000010001101000
